1679633416 1635592255 	3
1635592255 1679633416 	3
1126229648 1635592255 	2
1778016661 1126229648 	2
1045921161 170786240 	3
1045921161 674493409 	3
170786240 674493409 	3
674493409 1126229648 	2
674493409 1778016661 	2
1635592255 1635592255 	4
170786240 1778016661 	2
1126229648 1635592255 1679633416 	2
1126229648 1635592255 1635592255 	2
1635592255 1635592255 1679633416 	2
1635592255 1635592255 1635592255 	2
1778016661 1126229648 1635592255 	2
674493409 1126229648 1635592255 	2
1635592255 1679633416 1635592255 	3
1045921161 674493409 1126229648 	2
1045921161 674493409 1778016661 	2
170786240 674493409 1126229648 	2
170786240 674493409 1778016661 	2
674493409 1778016661 1126229648 	2
170786240 1778016661 1126229648 	2
1045921161 170786240 674493409 	3
1045921161 170786240 1778016661 	2
